	V1	V2	V3	V4	V5	V6	V7	V8	V9	V10	V11	V12	V13	V14	V15	V16
V1	0	0.0401619676064787	0.334482827555875	0.0404827131116399	0.215146987542412	0.359202438658738	0.864212082467636	0.604808114691905	0.922321575511548	0.977761925903016	0.993096499366514	0.654593793801783	0.972884670061902	0.941240999660929	0.562163294624686	0.473673168660556
V2	0.0401619676064787	0	0.345582134610194	0.00781913989461159	0.209784862946953	0.371491683991684	0.859917087058588	0.600527172339427	0.933398169621705	0.976882361451313	0.993405299704685	0.651716276819164	0.967964162962741	0.938733581337828	0.558720529986331	0.475884324686159
V3	0.334482827555875	0.345582134610194	0	0.350707252461638	0.335318481361758	0.146034854904469	0.817245752978658	0.552669667901099	0.925256665320389	0.961636101565578	0.966176587934887	0.639052221573879	0.938606859474044	0.909363751483184	0.535993935343581	0.462205774388325
V4	0.0404827131116399	0.00781913989461159	0.350707252461638	0	0.21503640661466	0.376007036763089	0.866137877985675	0.607698067994608	0.936638720006384	0.980164530628738	0.999630849047191	0.655979526985568	0.974039579165814	0.944527003440882	0.562383389705369	0.478531499622834
V5	0.215146987542412	0.209784862946953	0.335318481361758	0.21503640661466	0	0.35481453727988	0.7741563440828	0.511949020175355	0.908696605910741	0.954401292561786	0.9541644435358	0.616000638270288	0.927217241276142	0.902419085502933	0.520258106982751	0.464306401677819
V6	0.359202438658738	0.371491683991684	0.146034854904469	0.376007036763089	0.35481453727988	0	0.839824246055522	0.57528545193229	0.926381652748348	0.969060905731512	0.978607118992291	0.644377733340647	0.932300419382346	0.919911866164184	0.549868347562435	0.469226121217872
V7	0.864212082467636	0.859917087058588	0.817245752978658	0.866137877985675	0.7741563440828	0.839824246055522	0	0.685403345669284	0.903173567061473	0.945982047179733	0.925920019137993	0.817221289129666	0.905834624988163	0.881634930599149	0.792655575602317	0.832745239937115
V8	0.604808114691905	0.600527172339427	0.552669667901099	0.607698067994608	0.511949020175355	0.57528545193229	0.685403345669284	0	0.870055231009049	0.892039991830269	0.870845620467044	0.579040702163377	0.889704160875911	0.830088336935196	0.525958176003507	0.570976061136635
V9	0.922321575511548	0.933398169621705	0.925256665320389	0.936638720006384	0.908696605910741	0.926381652748348	0.903173567061473	0.870055231009049	0	0.477236079867816	0.518719238789109	0.794537727304396	0.812582735316659	0.720326546044286	0.831499425192971	0.785727100568125
V10	0.977761925903016	0.976882361451313	0.961636101565578	0.980164530628738	0.954401292561786	0.969060905731512	0.945982047179733	0.892039991830269	0.477236079867816	0	0.62813665121882	0.794623923540246	0.766011249937777	0.711565925726882	0.868700998083481	0.781524166533737
V11	0.993096499366514	0.993405299704685	0.966176587934887	0.999630849047191	0.9541644435358	0.978607118992291	0.925920019137993	0.870845620467044	0.518719238789109	0.62813665121882	0	0.880139969437683	0.880189745197884	0.793991202754613	0.89728018477222	0.843823366680125
V12	0.654593793801783	0.651716276819164	0.639052221573879	0.655979526985568	0.616000638270288	0.644377733340647	0.817221289129666	0.579040702163377	0.794537727304396	0.794623923540246	0.880139969437683	0	0.646381284221005	0.734628379218892	0.526817491724533	0.532713914005722
V13	0.972884670061902	0.967964162962741	0.938606859474044	0.974039579165814	0.927217241276142	0.932300419382346	0.905834624988163	0.889704160875911	0.812582735316659	0.766011249937777	0.880189745197884	0.646381284221005	0	0.6999268551184	0.808427287886707	0.801393693487125
V14	0.941240999660929	0.938733581337828	0.909363751483184	0.944527003440882	0.902419085502933	0.919911866164184	0.881634930599149	0.830088336935196	0.720326546044286	0.711565925726882	0.793991202754613	0.734628379218892	0.6999268551184	0	0.735676681627738	0.678617163870466
V15	0.562163294624686	0.558720529986331	0.535993935343581	0.562383389705369	0.520258106982751	0.549868347562435	0.792655575602317	0.525958176003507	0.831499425192971	0.868700998083481	0.89728018477222	0.526817491724533	0.808427287886707	0.735676681627738	0	0.426158823206871
V16	0.473673168660556	0.475884324686159	0.462205774388325	0.478531499622834	0.464306401677819	0.469226121217872	0.832745239937115	0.570976061136635	0.785727100568125	0.781524166533737	0.843823366680125	0.532713914005722	0.801393693487125	0.678617163870466	0.426158823206871	0
